0 1
1 40
2 0
3 10
4 1
5 48
6 1
7 f4
8 1
9 50
a 1
b f4
c 1
d 58
e 0
f 64
10 1
11 60
12 f0
13 f
14 30
15 20
16 0
17 0
18 ff
19 ff
1a 24
1b 0
1c 24
1d 8
1e 72
1f c2
20 72
21 cb
22 30
23 0
24 0
25 1
26 0
27 0
28 30
29 8
2a 0
2b 1
2c 0
2d 1
2e 14
2f 8e
30 0
31 0
32 0
32 41
33 11
34 21
35 0
36 0
37 1
38 0
39 1
3a 14
3b 8f
3c 0
3d 0
3e 0
3e b3
3f d1
40 90
41 4a
42 0
43 0
44 0
45 50
46 51
47 0
48 0
49 0
4a 41
4b 29
4c 50
4d 53
4e 0
4f 0
50 0
51 41
52 2a
53 47
54 e8
54 21
55 20
56 0
57 1
58 0
59 0
5a 47
5b e0
5b f6
5c e5
5d 21
5e 18
5f 0
60 1
61 0
62 1
63 47
64 d8
64 f6
65 dd
66 34
67 8
68 34
69 0
6a 10
6b 0
6c 1
6d 0
6e 2
6f 0
70 0
71 0
72 0
73 14
74 98
75 0
76 0
77 0
77 0
78 0
79 0
7a 0
7b 24
7c 0
7d 21
7e 0
7f 0
80 1
81 0
82 2
83 b3
84 c5
85 34
86 0
87 90
88 0
89 0
8a 0
8b 73
8c e4
8f 41
90 8
91 0
92 0
92 73
93 8
94 72
95 c8
96 e4
98 24
99 0
9a 24
9b 8
9c 57
9d c0
9d 57
9e c8
9e 0
9f 0
a0 32
a1 c1
a2 40
a3 c2
a4 0
a5 31
a6 5a
a7 0
a8 34
a9 8
aa 34
ab 0
ac e4
